10
0 70 49 38 17 51 97 42 88 71
70 0 33 29 32 18 72 48 71 33
49 33 0 27 32 57 13 71 67 14
38 29 27 0 51 7 68 90 9 72
17 32 32 51 0 100 49 34 98 58
51 18 57 7 100 0 98 68 100 17
97 72 13 68 49 98 0 31 49 19
42 48 71 90 34 68 31 0 85 72
88 71 67 9 98 100 49 85 0 41
71 33 14 72 58 17 19 72 41 0