11
0 26 35 30 30 45 41 36 17 76 69
26 0 67 78 10 50 61 49 95 75 41
35 67 0 1 82 54 54 6 50 9 6
30 78 1 0 83 92 4 16 60 5 48
30 10 82 83 0 49 63 34 88 72 30
45 50 54 92 49 0 68 5 97 14 30
41 61 54 4 63 68 0 33 60 77 45
36 49 6 16 34 5 33 0 25 29 14
17 95 50 60 88 97 60 25 0 75 95
76 75 9 5 72 14 77 29 75 0 94
69 41 6 48 30 30 45 14 95 94 0